30580053410
4720913119
12318109165
6950430352
3002301854
7767571016
34489853451
5890463066
5578264107
3176752044
10083756942
7970333308
4937340037
35615275536
1498263227
1376415946
7173761009
35538926980
28133183381
34951309450
8720177049
35220056384
4745666803
22376317176
25375954060
792090809
32564285927
4675038826
2782812231
1657496543
35089939185
35890688490
5797760076
6771792363
2272463183
6813461228
871767556
267719023
11332093146
1918702056
30644650217
6707023071
36042710246
5917172060
21649300331
10441703236
21242767988
3821874505
281222717
571443397
1973421734
6117444472
195334349
5862132409
3439479798
7373828133
1641968090
1507327340
198351423
1059282532
9851471824
4512772906
17358866781
12530886011
7521212557
35346190758
2218186669
35874442784
17683332622
34992093686
409173876
11618457265
1270856
10413296445
33604240553
2071691756
286354903
8182481529
30498028575
8260911228
35457191454
3508931676
204909994
34879320925
1262355747
501227182
45002980
34929440085
1182311446
8792020282
12134350339
34885320195
1561014336
33996332943
32418567870
7022758579
5656208649
27864922468
35075726201
35641885876
34498509408
3214700475
14203412592
32079688976
8145149059
1595655746
831248284
4963533037
6628482892
7451415488
8734264720
7345597106
7209075797
4093056031
6429805515
33930155756
3637888
341165071
15798377
23439146658
5973198836
258069133
20229385779
8704701004
801752483
4502683934
2227107322
10127257252
12894525165
3695625610
20094263676
7820773405
7044547893
1978497790
19472854078
32747884937
3627836465
8927972837
16878343667
1819548064
230296407
32810840348
184110027
36048042774
442935310
1920745059
4620309331
1904691864
15331154
19713518008
325100383
34698265388
13042302180
23523698
4582196799
5801282695
1331229701
257401189
6351499685
6663167522
33306827825
8161411761
35339910908
35816310025
36043050151
31871290871
4984712664
1925452031
23903390745
3088196684
6673181817
1499180076
452022144
493795522
31268271133
6721629255
5505629604
26016457138
13597024797
30053861432
454237853
33467913229
31193655
12030890345
33660418949
33163999184
18113197933
7201349972
5403619536
2098508146
276431441
1567162971
32271673310
27040111
1967015914
3264163428
6896830766
3145625838
3502659701
34268596075
8080766938
4239926526
3591551807
20577588361
30563000765
32673649644
9922986018
25703675889
9479634114
32423290256
10709205444
1648000372
25784638464
34012334355
27751744159
1930055718
7730314472
1524078774
35280670913
25944859528
1747856818
5872380134
3401367060
1955265900
3678567008
22177354251
