6950430352
8529403435
1693158536
35609574129
2651909228
1621792427
4304509724
36244878026
36003962207
691536
32238032418
24025998642
7326510514
35812701330
5721645786
3597983609
31682990918
3700599410
176961126
214025906
29670703848
35545218954
13071312223
1549721456
2760830108
10560246741
3061287557
1036100746
7472754474
5715695426
6228457763
7782828971
33704111490
3558587896
1478736361
13012381537
1237891340
25491267402
39205189
6718471640
231509209
35195831699
30348359790
233010424
950521434
1787211771
9478633218
9131543753
3206428463
3734424380
2326747623
11144466310
6735281434
4300076575
19063522515
32209242721
26282222455
16827278880
4011332880
7706171143
19815368
2299048924
35614826943
2321458116
5843565889
1062346078
1953058735
143710913
4266643161
13952430443
4315903360
7578440947
19239121749
1442292980
5959177743
8546632354
35679932525
8283657089
8383454190
5913195262
5913487901
4303046598
4217623057
4492451275
10388909217
6084185122
1248973118
22467436295
8061588820
20305756
33646540658
11222930797
3056238590
9031412
6969739219
216377818
13479585863
1315174465
21036091500
1808129168
336757247
1815769736
11693673689
15697710698
975119448
35694928200
10669988369
33460672873
24739431801
34715496844
188390827
340783563
1519337578
9048749927
31508497573
13597024797
12161033297
9185992555
3568249940
30082433232
31573098638
4030276321
20260427124
737794119
4081844985
2593038056
268127314
1225878123
29954801412
29585233276
1504927584
9217878226
4859281318
860965
13098866208
7656569229
25518298636
2333871758
22511593446
13757189645
24568647666
506972351
19600762181
27688221747
3647622196
3276729443
288603855
1654199224
6857415660
24788532596
7624314219
6881980962
1234651723
1444803281
1362950600
16490282596
15997395959
526265114
11660353854
12914264171
19003671696
2046451911
2075154342
2017320306
509020671
20705903456
15507182605
35162829033
3060541459
3247245
2121819081
2165384322
11470812411
6055055836
19311840992
5740615714
5917357814
36034179487
34732743049
5537069860
25375954060
9864783089
14993837220
13430058
13679790
7347561295
8240867562
35553537032
31315764050
25805547202
27458492355
2306155564
4364836658
2033034556
35610086086
3073548988
20555692289
3008076717
22391443631
16307270
12119035175
34127605406
4877557089
26264389533
707035064
3923094334
1517553744
7661394691
9365944643
1439476830
602906934
20192573454
35175150352
173628693
144176260
1510406220
7716706021
28255835172
7971303011
7732611830
34152655783
34562025380
4528130837
23416986532
28842350
